0       52
1       133
2       96
3       121
4       69
5       163
6       80
7       62
8       99
9       3
10      150

C:\Users\evgen\Desktop\kontra>g++ task0_main.c work.c

C:\Users\evgen\Desktop\kontra>a.exe
0       93
1       38
2       64
3       78
4       36
5       50
6       15
7       152
8       94
9       180
10      58
11      134
12      107
13      44
14      40
15      16
16      160
17      67
18      172
19      35
20      24
21      22
22      120
23      85
24      54
25      46
26      17
27      145
28      67
29      61
30      70
31      138
32      5
33      59
34      138
35      38
36      124
37      15
38      164
39      102
40      112
41      11
42      197
43      67
44      58
45      186
46      80
47      118
48      110
49      67
50      10
51      150
52      85
53      186
54      169
55      73
56      125
57      179
58      81
59      78
60      88
61      168
62      93
63      57
64      24
65      101
66      167
67      63
68      178
69      43
70      95
71      21
72      69
73      92
74      5
75      166
76      142
77      21
78      183
79      196
80      55
81      89
82      196
83      45
84      125
85      23
86      133
87      105
88      110
89      123
90      67
91      98
92      74
93      153
94      15
95      106
96      152
97      80
98      145
99      149
100     136
101     57
102     162
103     189
104     79
105     43
106     157
107     187
108     65
109     163
110     65
111     50
112     154
113     0
114     34
115     158
116     188
117     167
118     44
119     32
120     155
121     179
122     72
123     78
124     126
125     28
126     128
127     168
128     94
129     42
130     93
131     179
132     124
133     15
134     70
135     53
136     134
137     7
138     160
139     131
140     142
141     44
142     180
143     49
144     51
145     12
146     68
147     198
148     100
149     86
150     73
151     104
152     106
153     141
154     24
155     175
156     155
157     38
158     60
159     98
160     46
161     147
162     83
163     84
164     78
165     79
166     63
167     40
168     135
169     59
170     171
171     94
172     63
173     112
174     139
175     124
176     99
177     40
178     97
179     137
180     89
181     55
182     137
183     110
184     112
185     132
186     103
187     1
188     57
189     39
190     192
191     113
192     106
193     68
194     23
195     79
196     114
197     39
198     128
199     125
200     67
201     175
202     193
203     18
204     130
205     31
206     85
207     188
208     127
209     128
210     156
211     21
212     167
213     171
214     96
215     25
216     6
217     7
218     134
219     45
220     123
221     109
222     42
223     1
224     51
225     16
226     76
227     45
228     149
229     101
230     195
231     72
232     17
233     58
234     62
235     131
236     26
237     86
238     120
239     105
240     70
241     23
242     118
243     164
244     145
245     150
246     152
247     196
248     117
249     120
250     177
251     60
252     36
253     143
254     77
255     120
256     158
257     95
258     36
259     122
260     89
261     95
262     143
263     2
264     157
265     127
266     68
267     116
268     40
269     188
270     71
271     121
272     147
273     3
274     106
275     146
276     33
277     127
278     55
279     126
280     71
281     149
282     144
283     68
284     78
285     49
286     104
287     196
288     199
289     142
290     157
291     131
292     40
293     58
294     184
295     11
296     162
297     128
298     140
299     134
300     40
301     53
302     121
303     39
304     82
305     70
306     87
307     17
308     33
309     52
310     93
311     93
312     180
313     95
314     181
315     165
316     120
317     172
318     75
319     121
320     44
321     118
322     120
323     158
324     92
325     51
326     88
327     160
328     190
329     119
330     58
331     14
332     103
333     27
334     195
335     52
336     89
337     136
338     76
339     99
340     129
341     104
342     99
343     141
344     55
345     83
346     92
347     115
348     28
349     53
350     79
351     169
352     51
353     84
354     62
355     153
356     142
357     165
358     153
359     79
360     103
361     71
362     34
363     51
364     85
365     70
366     157
367     100
368     71
369     21
370     126
371     176
372     108
373     63
374     53
375     91
376     3
377     140
378     112
379     140
380     58
381     65
382     165
383     157
384     69
385     44
386     155
387     137
388     63
389     87
390     36
391     164
392     49
393     85
394     133
395     5
396     43
397     165
398     23
399     101
400     24
401     92
402     133
403     106
404     158
405     146
406     78
407     126
408     25
409     27
410     128
411     143
412     74
413     1
414     112
415     98
416     48
417     103
418     20
419     8
420     143
421     147
422     134
423     192
424     77
425     175
426     58
427     111
428     29
429     102
430     146
431     137
432     48
433     6
434     40
435     16
436     48
437     179
438     35
439     190
440     4
441     13
442     67
443     92
444     112
445     62
446     45
447     162
448     25
449     85
450     123
451     116
452     47
453     76
454     172
455     97
456     124
457     69
458     163
459     74
460     93
461     108
462     20
463     68
464     132
465     158
466     27
467     96
468     146
469     7
470     145
471     15
472     138
473     94
474     101
475     27
476     19
477     79
478     32
479     79
480     139
481     143
482     172
483     99
484     43
485     33
486     43
487     179
488     21
489     28
490     41
491     64
492     64
493     13
494     91
495     111
496     148
497     47
498     130
499     11
500     14
501     98
502     146
503     88
504     97
505     185
506     39
507     43
508     25
509     100
510     95
511     160
512     17
513     142
514     108
515     47
516     183
517     192
518     169
519     116
520     96
521     19
522     122
523     118
524     184
525     72
526     148
527     67
528     76
529     111
530     17
531     97
532     3
533     139
534     148
535     71
536     57
537     114
538     147
539     122
540     169
541     181
542     192
543     88
544     174
545     64
546     138
547     128
548     125
549     147
550     119
551     158
552     173
553     137
554     92
555     150
556     64
557     161
558     112
559     86
560     183
561     88
562     7
563     151
564     72
565     23
566     184
567     180
568     86
569     25
570     127
571     106
572     66
573     9
574     14
575     96
576     35
577     19
578     91
579     179
580     115
581     113
582     2
583     105
584     154
585     181
586     73
587     128
588     140
589     172
590     67
591     101
592     30
593     38
594     60
595     35
596     155
597     84
598     38
599     27
600     142
601     196
602     117
603     103
604     130
605     90
606     15
607     4
608     98
609     28
610     57
611     102
612     189
613     115
614     78
615     149
616     57
617     81
618     35
619     100
620     14
621     10
622     23
623     11
624     75
625     152
626     181
627     99
628     189
629     54
630     45
631     166
632     80
633     6
634     114
635     99
636     178
637     137
638     183
639     196
640     180
641     30
642     154
643     69
644     184
645     9
646     145
647     28
648     184
649     87
650     195
651     185
652     95
653     10
654     147
655     86
656     75
657     117
658     12
659     143
660     111
661     97
662     73
663     132
664     50
665     161
666     153
667     133
668     3
669     93
670     48
671     20
672     166
673     82
674     161
675     119
676     119
677     59
678     148
679     75
680     121
681     162
682     197
683     163
684     184
685     125
686     141
687     156
688     59
689     167
690     53
691     42
692     35
693     189
694     141
695     33
696     90
697     89
698     111
699     131
700     15
701     112
702     89
703     2
704     47
705     171
706     82
707     163
708     28
709     155
710     177
711     162
712     165
713     192
714     147
715     86
716     73
717     112
718     50
719     26
720     175
721     32
722     35
723     140
724     87
725     128
726     3
727     138
728     145
729     132
730     104
731     72
732     199
733     176
734     128
735     20
736     113
737     189
738     179
739     185
740     114
741     200
742     59
743     156
744     96
745     174
746     187
747     74
748     153
749     163
750     71
751     72
752     49
753     170
754     135
755     52
756     179
757     130
758     166
759     88
760     35
761     148
762     98
763     18
764     137
765     77
766     127
767     141
768     145
769     156
770     152
771     21
772     193
773     127
774     173
775     75
776     189
777     30
778     107
779     122
780     11
781     76
782     137
783     34
784     8
785     158
786     182
787     59
788     8
789     26
790     70
791     87
792     90
793     120
794     109
795     89
796     9
797     29
798     197
799     183
800     200
801     0
802     150
803     199
804     62
805     70
806     35
807     114
808     19
809     2
810     133
811     79
812     11
813     87
814     131
815     20
816     70
817     91
818     35
819     116
820     79
821     70
822     119
823     118
824     121
825     145
826     184
827     77
828     196
829     68
830     187
831     146
832     57
833     183
834     155
835     96
836     122
837     0
838     111
839     38
840     40
841     50
842     139
843     78
844     130
845     27
846     77
847     113
848     150
849     180
850     13
851     32
852     84
853     142
854     35
855     130
856     39
857     43
858     16
859     50
860     54
861     37
862     88
863     196
864     171
865     74
866     0
867     170
868     156
869     92
870     3
871     173
872     22
873     52
874     47
875     112
876     130
877     160
878     135
879     160
880     48
881     157
882     61
883     102
884     104
885     120
886     103
887     29
888     50
889     155
890     154
891     127
892     143
893     15
894     47
895     57
896     93
897     169
898     163
899     138
900     151
901     145
902     64
903     21
904     5
905     197
906     18
907     48
908     167
909     170
910     26
911     179
912     69
913     75
914     183
915     76
916     31
917     118
918     146
919     106
920     55
921     129
922     174
923     118
924     23
925     92
926     147
927     36
928     70
929     68
930     166
931     194
932     84
933     186
934     191
935     51
936     141
937     4
938     56
939     18
940     192
941     146
942     1
943     154
944     4
945     106
946     18
947     189
948     130
949     70
950     125
951     14
952     44
953     141
954     103
955     79
956     39
957     166
958     3
959     4
960     46
961     107
962     171
963     197
964     129
965     42
966     12
967     102
968     68
969     107
970     11
971     21
972     145
973     16
974     53
975     36
976     141
977     130
978     50
979     131
980     67
981     115
982     153
983     167
984     102
985     89
986     15
987     158
988     131
989     170
990     2
991     0
992     49
993     135
994     181
995     75
996     44
997     181
998     118
999     174
